0.000000000000000000e+00 3.734248127937316752e+00
1.000000000000000000e+00 1.094545943260192944e+00
2.000000000000000000e+00 9.786027450561523011e-01
3.000000000000000000e+00 1.431661666870117200e+00
4.000000000000000000e+00 9.754003028869628888e-01
5.000000000000000000e+00 8.335143966674805061e-01
6.000000000000000000e+00 7.004143466949462882e-01
7.000000000000000000e+00 4.901787171363830575e-01
8.000000000000000000e+00 4.427066044807433931e-01
9.000000000000000000e+00 7.244133179187774996e-01
1.000000000000000000e+01 4.604315476417541464e-01
1.100000000000000000e+01 5.862250676155090767e-01
1.200000000000000000e+01 2.929182713031768803e-01
1.300000000000000000e+01 6.310607814788817826e-01
1.400000000000000000e+01 5.033439335823058913e-01
0.000000000000000000e+00 1.679408485889434810e-01
1.000000000000000000e+00 1.576114883422851665e-01
2.000000000000000000e+00 1.357693454027175950e-01
3.000000000000000000e+00 1.317621738910675078e-01
4.000000000000000000e+00 1.224866689443588202e-01
5.000000000000000000e+00 1.349180921316146808e-01
6.000000000000000000e+00 1.351734529733657764e-01
7.000000000000000000e+00 1.393758971691131665e-01
8.000000000000000000e+00 1.177576979398727436e-01
9.000000000000000000e+00 1.408823236227035591e-01
1.000000000000000000e+01 1.169317796230316120e-01
1.100000000000000000e+01 1.192873318195342980e-01
1.200000000000000000e+01 9.811840546131134211e-02
1.300000000000000000e+01 9.739642751216888439e-02
1.400000000000000000e+01 1.257418656349182096e-01
